20201011
1776800
0.5
42
바나나우유
32 8 3 4 400 800 0 0
초코우유
28 12 3 4 400 800 0 0
딸기우유
29 11 3 4 400 800 0 0
흰우유
45 15 3 4 300 600 0 0
화이트초콜릿
96 4 19 20 600 1200 0 0
다크초콜릿
75 5 19 20 600 1200 0 0
칩과자
581 19 29 30 600 1200 0 0
샌드과자
346 14 29 30 800 1400 0 0
파이과자
291 9 29 30 1000 2000 0 0
하드아이스크림
67 11 5 6 500 1000 0 0
콘아이스크림
73 17 5 6 800 1600 0 0
구슬아이스크림
50 10 5 6 1500 3000 0 0
탄산음료
279 21 11 12 1000 2000 0 0
이온음료
184 20 11 12 1000 2000 0 0
에너지음료
196 20 11 12 800 1600 0 0
밀크커피
168 24 7 8 900 1800 0 0
블랙커피
58 6 7 8 700 1400 0 0
김치만두
36 4 9 10 1500 3000 0 0
고기만두
92 8 9 10 1500 3000 0 0
배추김치
26 4 4 5 1000 2000 0 0
파김치
16 4 4 5 1000 2000 0 0
오렌지주스
11 9 12 13 500 1000 0 0
포도주스
96 8 12 13 500 1000 0 0
망고주스
108 9 12 13 500 1000 0 0
즉석밥
279 21 14 15 500 1000 0 0
삼각김밥
25 15 2 3 400 800 0 0
김밥
23 12 2 3 600 1200 0 0
핫바
59 11 6 7 900 1800 0 0
소세지바
44 5 6 7 900 1800 0 0
지렁이젤리
47 7 8 9 500 1000 0 0
곰돌이젤리
80 10 8 9 500 1000 0 0
졸음껌
190 10 19 20 250 500 0 0
풍선껌
226 14 19 20 250 500 0 0
국물라면
868 32 29 30 600 1200 0 0
짜장라면
497 13 29 30 650 1300 0 0
볶음라면
553 17 29 30 700 1400 0 0
맥주
672 28 24 25 1300 2600 0 0
소주
476 24 24 25 900 1800 0 0
양주
24 1 24 25 10000 20000 0 0
녹차
70 5 14 15 700 1400 0 0
옥수수수염차
167 13 14 15 750 1500 0 0
물
728 22 29 30 300 600 0 0
