42
바나나우유
20 10 3 400 800
초코우유
20 10 3 400 800
딸기우유
20 10 3 400 800
흰우유
30 15 3 300 600
화이트초콜릿
20 5 20 600 1200
다크초콜릿
20 4 20 600 1200
칩과자
35 20 30 600 1200
샌드과자
35 12 30 800 1400
파이과자
35 10 30 1000 2000
하드아이스크림
25 13 6 500 1000
콘아이스크림
25 15 6 800 1600
구슬아이스크림
25 10 6 1500 3000
탄산음료
50 25 12 1000 2000
이온음료
30 17 12 1000 2000
에너지음료
30 18 12 800 1600
밀크커피
40 24 8 900 1800
블랙커피
20 8 8 700 1400
김치만두
10 4 10 1500 3000
고기만두
20 10 10 1500 3000
배추김치
10 4 5 1000 2000
파김치
5 2 5 1000 2000
오렌지주스
20 10 13 500 1000
포도주스
20 8 13 500 1000
망고주스
20 9 13 500 1000
즉석밥
45 20 15 500 1000
삼각김밥
25 15 2 400 800
김밥
20 12 2 600 1200
핫바 
30 10 7 900 1800
소세지바
20 7 7 900 1800
지렁이젤리
15 6 9 500 1000
곰돌이젤리
15 10 9 500 1000
졸음껌
20 10 20 250 500
풍선껌
20 12 20 250 500
국물라면
50 30 30 600 1200
짜장라면
30 17 30 650 1300
볶음라면
30 19 30 700 1400
맥주
70 34 25 1300 2600
소주
70 21 25 900 1800
양주 
10 1 25 10000 20000
녹차
20 5 15 700 1400
옥수수수염차
20 12 15 750 1500
물
100 25 30 300 600